NODE
1|2.237878|48.894652|
2|2.237344|48.895203|
3|2.237650|48.895390|
4|2.237320|48.895865|
5|2.237280|48.896367|
6|2.236904|48.895688|
7|2.236987|48.895594|
8|2.237419|48.894451|
9|2.236788|48.894528|
10|2.237633|48.894796|
11|2.236490|48.895906|
12|2.236916|48.895997|
ROAD
1001|7|6|170.026806|350.026806|0.012128|0|7.001000|
1002|6|4|205.235667|25.235667|0.036237|1|7.001000|
1003|4|5|179.091769|359.091769|0.055884|1|7.001000|
1004|4|3|352.209856|172.209856|0.058044|1|10.001000|
1005|3|2|17.944983|197.944983|0.030502|1|7.001000|
1006|2|1|349.199706|169.199706|0.072629|1|10.001000|
1007|1|8|24.291913|204.291913|0.040311|1|7.001000|
1008|8|9|121.366511|301.366511|0.046914|1|7.001000|
1009|1|10|161.326400|341.326400|0.024058|1|7.001000|
1010|10|11|168.361176|348.361176|0.148978|1|10.001000|
1011|11|12|223.023537|43.023537|0.032772|1|7.001000|
